<?xml version="1.0" encoding="UTF-8" standalone="no"?>
<tableData xmlns="http://www.EFIAnalytics.com/:table">
<bibliography author="EFI Analytics - philip.tobin@yahoo.com" company="EFI Analytics, copyright 2010, All Rights Reserved." writeDate="Tue Jan 19 21:59:47 CET 2016"/>
<versionInfo fileFormat="1.0"/>
<table cols="16" rows="16">
<xAxis cols="16" name="rpm">
0.00 
500.00 
1000.00 
1500.00 
2000.00 
2500.00 
3000.00 
3500.00 
4000.00 
4500.00 
5000.00 
5500.00 
6000.00 
6500.00 
7000.00 
7500.00 
</xAxis>
<yAxis name="MAP" rows="16">
10.00 
20.00 
30.00 
35.00 
40.00 
45.00 
50.00 
55.00 
60.00 
65.00 
70.00 
75.00 
80.00 
85.00 
90.00 
95.00 
</yAxis>
<zValues cols="16" rows="16">
13.0 12.13330078125 11.2667236328125 10.4000244140625 9.5333251953125 8.6666259765625 7.79998779296875 6.933349609375 6.066650390625 5.20001220703125 4.33331298828125 3.4666748046875 2.600006103515625 1.7333297729492188 0.8666648864746094 0.0 
11.4705810546875 10.7059326171875 9.941162109375 9.176513671875 8.4117431640625 7.64703369140625 6.88232421875 6.11767578125 5.35296630859375 4.5882568359375 3.823516845703125 3.058837890625 2.29412841796875 1.5294113159179688 0.7647056579589844 0.0 
9.941162109375 9.2784423828125 8.61572265625 7.95294189453125 7.29022216796875 6.62744140625 5.9647216796875 5.30194091796875 4.63922119140625 3.976470947265625 3.313720703125 2.650970458984375 1.9882354736328125 1.3254928588867188 0.6627464294433594 0.0 
9.176513671875 8.564697265625 7.95294189453125 7.3411865234375 6.72943115234375 6.11767578125 5.505859375 4.89410400390625 4.2823486328125 3.67059326171875 3.058837890625 2.447052001953125 1.835296630859375 1.2235260009765625 0.6117630004882812 0.0 
8.4117431640625 7.8509521484375 7.29022216796875 6.72943115234375 6.16864013671875 5.60784912109375 5.04705810546875 4.48626708984375 3.92547607421875 3.364715576171875 2.803924560546875 2.243133544921875 1.6823501586914062 1.1215667724609375 0.5607833862304688 0.0 
7.64703369140625 7.13726806640625 6.62744140625 6.11767578125 5.60784912109375 5.0980224609375 4.5882568359375 4.07843017578125 3.568634033203125 3.058837890625 2.54901123046875 2.039215087890625 1.5294113159179688 1.0196075439453125 0.5098037719726562 0.0 
6.88232421875 6.42352294921875 5.9647216796875 5.505859375 5.04705810546875 4.5882568359375 4.12939453125 3.67059326171875 3.211761474609375 2.7529296875 2.29412841796875 1.835296630859375 1.3764724731445312 0.9176483154296875 0.0 0.0 
6.11767578125 5.70977783203125 5.30194091796875 4.89410400390625 4.48626708984375 4.07843017578125 3.67059326171875 3.26275634765625 2.854888916015625 2.447052001953125 2.039215087890625 1.6313705444335938 1.2235260009765625 0.8156852722167969 0.0 0.0 
5.35296630859375 4.99609375 4.63922119140625 4.2823486328125 3.92547607421875 3.568634033203125 3.211761474609375 2.854888916015625 2.498046875 2.14117431640625 1.7843170166015625 1.4274520874023438 1.070587158203125 0.7137260437011719 0.0 0.0 
4.5882568359375 4.2823486328125 3.976470947265625 3.67059326171875 3.364715576171875 3.058837890625 2.7529296875 2.447052001953125 2.14117431640625 1.835296630859375 1.5294113159179688 1.2235260009765625 0.9176483154296875 0.6117630004882812 0.0 0.0 
3.823516845703125 3.568634033203125 3.313720703125 3.058837890625 2.803924560546875 2.54901123046875 2.29412841796875 2.039215087890625 1.7843170166015625 1.5294113159179688 1.2745132446289062 1.0196075439453125 0.7647056579589844 0.5098037719726562 0.0 0.0 
3.058837890625 2.854888916015625 2.650970458984375 2.447052001953125 2.243133544921875 2.039215087890625 1.835296630859375 1.6313705444335938 1.4274520874023438 1.2235260009765625 1.0196075439453125 0.8156852722167969 0.6117630004882812 0.0 0.0 0.0 
2.29412841796875 2.14117431640625 1.9882354736328125 1.835296630859375 1.6823501586914062 1.5294113159179688 1.3764724731445312 1.2235260009765625 1.070587158203125 0.9176483154296875 0.7647056579589844 0.6117630004882812 0.0 0.0 0.0 0.0 
1.5294113159179688 1.4274520874023438 1.3254928588867188 1.2235260009765625 1.1215667724609375 1.0196075439453125 0.9176483154296875 0.8156852722167969 0.7137260437011719 0.6117630004882812 0.5098037719726562 0.0 0.0 0.0 0.0 0.0 
0.7647056579589844 0.7137260437011719 0.6627464294433594 0.6117630004882812 0.5607833862304688 0.5098037719726562 0.0 0.0 0.0 0.0 0.0 0.0 0.0 0.0 0.0 0.0 
0.0 0.0 0.0 0.0 0.0 0.0 0.0 0.0 0.0 0.0 0.0 0.0 0.0 0.0 0.0 0.0 
</zValues>
</table>
</tableData>
